0
22 32 52 112 208
160.0 252.8 704.0 2048.0 6400.0
1
16 32 80 128 192
80.0 246.4 1280.0 2176.0 6144.0
2
22 36 68 128 176
128.0 448.0 1408.0 2150.4 6400.0
3
22 36 64 136 176
160.0 512.0 710.4 3840.0 6400.0
4
16 34 60 120 272
80.0 512.0 832.0 2176.0 12288.0
5
20 40 60 112 208
128.0 384.0 704.0 2304.0 6144.0
6
24 44 68 112 208
160.0 256.0 1408.0 1920.0 6400.0
7
18 28 72 120 176
64.0 160.0 1408.0 2176.0 6656.0
8
20 48 88 96 208
160.0 448.0 1408.0 2176.0 6144.0
9
20 32 88 144 128
96.0 256.0 1280.0 3840.0 3584.0
