0
72 416 640 2816 -1
384.0 3584.0 13312.0 90112.0 307200.0
1
160 384 832 3584 -1
1024.0 2560.0 14336.0 86016.0 nan
2
112 320 896 3072 -1
512.0 3584.0 16384.0 81920.0 nan
3
104 192 1088 3840 -1
256.0 1536.0 24576.0 86016.0 nan
4
128 224 896 3072 -1
435.2 1536.0 12288.0 86016.0 nan
5
208 480 1088 3072 -1
512.0 2560.0 24576.0 86016.0 nan
6
112 288 896 3328 -1
384.0 4096.0 13312.0 73728.0 nan
7
88 272 960 3328 -1
512.0 3584.0 12288.0 81920.0 nan
8
96 320 768 4096 -1
512.0 4608.0 21504.0 88064.0 nan
9
144 416 960 3072 -1
512.0 3584.0 12288.0 86016.0 nan
