0
34 80 352 960 4352
320.0 768.0 6144.0 21504.0 262144.0
1
32 104 208 768 5120
147.2 768.0 3328.0 21504.0 245760.0
2
24 136 320 960 4352
160.0 1280.0 6144.0 21504.0 245760.0
3
30 68 192 768 4096
160.0 896.0 3840.0 20480.0 135168.0
4
24 48 272 640 3840
128.0 576.0 7168.0 22528.0 139264.0
5
24 64 272 1280 4352
288.0 544.0 6144.0 40960.0 245760.0
6
30 80 224 768 6656
192.0 896.0 3840.0 21504.0 237568.0
7
34 64 352 832 2816
256.0 563.2 6656.0 22528.0 126976.0
8
28 88 272 1280 2560
128.0 1024.0 5120.0 43008.0 135168.0
9
24 88 320 768 4352
128.0 768.0 6144.0 22528.0 245760.0
